"GeneName"	"NAc1"	"NAc2"	"NAc3"	"NAc4"	"DG1"	"DG2"	"DG3"	"DG4"
"Gbx1"	1.73383767501022	1.51561806390926	1.73341374319559	1.68005612488823	-0.547491781731027	-0.547775957737997	-0.615592323669338	-0.547702876371678
"Synpr"	1.51208249490938	1.16148613679021	2.08196077053323	1.61448124585966	-0.677784994169896	-0.676407962625465	-1.17052563878098	-0.498711205801643
"Ngfr"	1.53192269558636	1.00581385207004	2.41932767646439	1.44765100348152	-0.432583059186871	-0.433298110210892	-0.46381598850586	-0.443480497909731
"Syt10"	0.978766157977255	2.04388451416153	2.23945558865712	0.910913557839874	-0.293959092330885	-0.400510570536468	-1.02031790256829	-0.0131025044204773
"Amigo2"	1.78409664825095	1.00662951493224	1.67113236638028	1.94051805708591	-0.471315637729781	-0.389581359305407	-0.00900525604220134	-0.592710974636958
"Ntrk1"	1.73194194467729	1.49418847178464	1.41008360006078	1.87122778481943	-0.631296138912215	-0.698963327151235	-0.736101213160786	-0.594271277382359
"Celf6"	1.71509245275878	0.566768637239495	2.06362017667059	1.88467121464141	-0.543785103939368	-0.467782940758425	-0.254413449030901	-0.626485477435352
"Bcl11b"	0.95899940616943	2.6428765072674	1.37986764861789	0.96392647824311	-0.830098792412845	-0.920895931302238	-0.741067959382368	-0.824657244304463
"Htr3a"	1.57535879648239	1.50628501032329	1.81928501168147	1.65309970361774	-0.719301782299694	-0.558576027891979	-0.522631520516461	-0.787310780422315
"Tacr1"	1.6954937270074	1.38585790927414	1.38032323185845	1.90246278477187	-0.713088339826208	-0.664205094106342	-0.486499156188287	-0.764473901494454
"Qpct"	1.64358340972832	1.26292820587756	1.59274542248285	1.8541999000858	-0.690557013148623	-0.6703910561195	-0.559106471850044	-0.735687768402227
"Oxt"	0.44361552071478	-0.067205371977076	3.62338505714648	0.250928570542785	-0.237874676462255	-0.238330013064353	-0.412427140544302	-0.151077988375019
"Adra2c"	1.17990752600178	2.38818078881714	1.27285092749321	1.27984618744339	-0.626258501083876	-0.630117498917756	-0.602915814644653	-0.64103592722016
"AABR07005752.1"	1.40909077574872	1.71707473430483	1.83362197628088	1.41363828934968	-0.426580413820481	-0.524077897338715	-0.971497548702211	-0.22788556099757
"Otof"	1.33496007884361	2.19228399907734	1.0829088071459	1.41482207318668	-0.822732037448543	-0.696775356522633	-0.898799990027489	-0.814570312829509
"Cpne5"	1.44342062969705	1.64659005974488	1.60346827205649	1.49645282298351	-0.505176858184853	-0.610284757511434	-0.977974176025758	-0.379408036291843
"Mn1"	1.48464656887833	1.8641266523844	1.21395724186977	1.55001772137956	-0.465306999682411	-0.544114045836737	-0.849222927991443	-0.398016086783506
"Tmem158"	1.57982284005972	1.39430147972193	1.27880412886945	1.7825855160752	-0.8110460765748	-0.803616843418572	-0.81364866995257	-0.805456464981373
"RGD1311744"	1.5293722651744	0.478133990851066	2.23159305820837	1.72145154686003	-0.397805991215554	-0.0394579212337278	-0.539558250227151	-0.380708886089885
"Ap1s2"	1.33046376303127	1.49794865564862	1.90887051801088	1.31474549388006	-0.481721934770046	-0.463820516454101	-0.646987377746459	-0.445964995066926
"Efnb2"	1.19147172590006	1.87332418086357	1.79607521745112	1.20656956634753	-0.145520342656344	0.0328009106231439	-0.354101348316518	-0.166208347052936
"Gpr165"	1.15012398174062	1.54400792187934	2.24250061069315	1.0647983589133	-0.180095605415646	0.143363934731367	-0.50816857850493	-0.132397050554955
"Slc5a7"	1.70936395642665	1.59984165149309	1.33129122638389	1.79090296295152	-0.62709827092692	-0.613158744526326	-0.686984806043572	-0.620220502017907
"AC097940.1"	1.54591798033184	1.46485600564859	1.72155828191025	1.57638229170266	-0.673797376669605	-0.675310746711413	-0.871706663105975	-0.543283287232916
"Insrr"	1.53323066496561	1.80177841093148	1.45940473369434	1.70591046873678	-0.517276290889133	-0.475254136915314	-0.730978215604928	-0.347062374359942
"Scn9a"	1.86833679762818	0.642215239177095	1.41901750752517	1.92607993400995	-0.594611579480345	-0.557079363582661	-0.733113308379938	-0.576295420484888
"Lhx6"	1.55019308122607	1.73624684621992	1.47873162777039	1.54013785569384	-0.267539113535743	-0.156044217800454	-0.133994965411244	-0.308077997685453
"Htr1b"	1.39148432253898	1.73980624057546	1.35212455636715	1.46152171040852	-0.709527418515439	-1.01371214800292	-0.435982932785232	-0.821467682749181
"Shh"	1.50398480037274	1.87497364352922	1.36725839749352	1.53767269849164	-0.253451571063362	-0.308162647916918	-0.615598123751099	-0.204165180985934
"Prrt4"	1.50382020681441	1.1403963624934	1.83177790069495	1.68892047534787	-0.680399912476835	-0.622017965890045	-0.763848882820296	-0.662452852689579
"Slc17a8"	1.67322039717744	1.76707234314489	0.908764813147512	1.77736592867918	-1.02329591134404	-1.02436236308491	-0.594321043650729	-1.08531217013007
"LOC103690149"	1.93931483705053	0.575859474955527	1.2292567201194	2.35329777051707	-0.599086962355078	-0.443172560718249	-0.43977044410468	-0.601750713850115
"Baiap3"	1.40970884626424	0.979554849287129	2.1349509939535	1.51124971061399	-0.383104236743463	-0.214894322107208	-0.071731450365584	-0.514070553362475
"Asic1"	1.55189522594979	1.15939954878055	1.57678943420118	1.67683097416222	-0.329017642102231	-0.38601383808232	-0.630846679911898	-0.305681306053554
"Plppr1"	1.16327352204327	1.52168501534252	1.93431967634741	1.23498012133816	-0.908389661874674	-0.901691567628887	-0.995805912788566	-0.857651745903166
"Pde8b"	1.37010671644512	1.62342387365495	1.48965720236211	1.47664913812977	-0.0764884605965625	-0.28274043842912	-1.02161854902046	0.201210253295246
"Alk"	1.23752949659232	1.6562064758959	1.89120678540559	1.18220775461671	-0.368967352387032	-0.310549533120653	-0.315053419008975	-0.433751394498444
"Ryr1"	0.824600331193965	2.34946304885879	1.91239817651188	0.701622488246985	-0.318979110187198	-0.60313054143604	-0.779429405790097	-0.142886746720964
"Mctp1"	1.14110690410183	1.75347598414029	1.69276996762963	1.19570906431561	-0.92158942567513	-0.941182037727981	-0.96029601789118	-0.899344789411317
"Mc4r"	0.889300014377444	2.13435215544287	2.3279913517521	0.767915456932289	-0.502138202420473	-0.373265575704976	-0.369898836427111	-0.571086458053698
"Tac3"	1.09381013444841	2.45562396865505	1.34882890952331	0.923932523579462	0.0594225011601145	-0.209025947170015	-0.681015852270027	0.284625084495417
"AABR07044442.1"	1.31323478212394	1.39566738506311	1.99613562958114	1.4245081950574	-0.537191504122339	-0.610298848047226	-0.394843921114883	-0.609839496299718
"AABR07047586.1"	1.28514600149261	1.22262123321972	2.26303540143419	1.30864375141169	-0.681198500097212	-0.681835205609226	-0.833779961444373	-0.681671464450156
"Trpc7"	1.80268397643771	0.801210489793496	1.30086169335128	1.98730740690557	-0.815578801173519	-0.566490520141638	-0.337259828514817	-0.917972717388307
"Sertad4"	1.14384382079249	2.02786572914626	1.45730860372882	1.1636847701584	-0.485156096849308	-0.715590321186322	-1.11407855539459	-0.266500955920795
"Pgr15l"	1.36119513441728	1.0699117895552	2.62439997486811	1.15641428272527	-0.553088530212606	-0.3553454836716	-0.75260612249374	-0.354917381253086
"AABR07070312.1"	1.49712426082243	1.32820472937272	1.83452864575307	1.53521590090332	-0.971963781402003	-1.03502198282272	-0.365934067201839	-1.09496253587978
"Oprk1"	1.33642852650734	1.06448317125066	2.15887760911367	1.37238423023489	-0.691169557144569	-0.63154720527262	-0.778056041098633	-0.683245054812081
"Has3"	0.861018769249381	2.26121803326054	1.87717107746188	0.75685555665168	-0.45203245971763	-0.39763789129332	-0.538989698015506	-0.483211745757376
"Slc10a4"	1.57700349535984	1.98040644432244	0.880426114723888	1.61595639710362	-0.673107959151547	-0.69073297906339	-0.776170780641579	-0.644897651330985
"Lhfpl1"	1.46619115864961	1.12933665295301	1.83502096024669	1.63009034542365	-0.75478163138384	-0.755997951150551	-0.987998906109083	-0.755685150955417
"Cdhr1"	0.820399087888978	2.64377005858211	1.33941091143061	0.706077978229876	-0.422957364472708	-0.395398719281329	-0.344089768294865	-0.48377090031078
"Dysf"	1.38671504315563	1.35446674537755	1.87085778438676	1.4955140702374	0.0638675005801735	-0.0634383008366792	0.124556608168997	-0.000999778189443588
"LOC691995"	1.43666209637759	1.23054347678538	1.59991454391156	1.48170759101249	-0.785632152506312	-0.642242183542467	-0.0759439004872355	-0.950038099059082
"Lhx8"	1.55036520664642	1.98046071269848	1.41552977384165	1.58369464717237	-0.648708158973728	-0.657589995174923	-0.666366167496778	-0.64876289438196
"Gprin3"	1.28247233149956	1.36025667833191	1.75886055725372	1.33343278596792	-0.696305144282259	-0.636146090654429	-0.714359575045122	-0.724440375846828
"AABR07040095.1"	1.47745341011277	1.24300197397278	1.55744039681362	1.51382329489937	-0.318211128714725	-0.294392344920171	-0.864419089469994	-0.118630851952595
"Meis2"	1.10639190178615	2.10864504168777	1.38483713275641	1.08584331680488	-0.696159851410578	-0.745153680866597	-0.484712494487928	-0.78995242837754
"Rtl9"	1.3043814388849	1.08456566190039	2.37138293953232	1.4723523513697	-0.386968672497607	-0.505664802142559	-0.965059308029548	-0.158713499095125
"AABR07040887.1"	1.72836265274354	0.521140935450121	1.78813712398925	1.93040726380858	0.0237456481791772	-0.0381391590679215	-0.0659262336777861	-0.126785370928674
"Ecel1"	1.63219811512936	1.56032726601936	1.37055675703898	1.72066569586037	-0.714622851337906	-0.688168149903073	-0.426541299722164	-0.772464889638748
"Zar1"	1.67740054841	1.45240872042483	0.94900105083458	1.94332393790007	-0.649368909047598	-0.7186401872449	-0.787087370985225	-0.581062259715527
"Htr1d"	1.11510309846794	2.43400154248338	1.21285715557391	1.04882037947099	-0.606530858474346	-0.657503799293045	-0.757762898970689	-0.581880503909389
"Stk32a"	1.12621979229464	1.48982349317007	1.9485233134162	1.11317119087367	-0.869415099801886	-0.879725953152895	-0.897803671116238	-0.855970742714143
"Ngef"	1.1257422451609	1.90410001150397	1.3986027007321	1.19753557007872	-0.15966474293259	-0.25299757015195	-0.842969858747958	-0.00307968165871594
"Slc18a3"	1.56199948595238	1.7188753136213	1.28094408439235	1.62737368912866	-0.66340335459699	-0.6725058899776	-0.776789465330689	-0.62016664580448
"AABR07020966.1"	1.11013154854838	1.53927624241852	2.23052005748425	1.13367335481624	-0.282559154151252	-0.284401974300667	0.158571648058316	-0.50433368248533
"Gpr101"	1.10927903510032	1.33031841383772	2.30111705118992	1.06785179245276	-0.76214430340819	-0.745926675287358	-0.737383417055157	-0.766483618361851
"Dgkb"	1.10136615292927	1.59198342984776	1.59305662345521	1.14474638737453	-0.966248433728552	-0.96452357258081	-1.12296612632768	-0.899462587154441
"LOC304725"	0.927122937986639	1.52693525452696	2.08939036594497	0.84027660696905	-0.637786467761786	-0.601035200143135	-0.618746930815751	-0.667917067417129
"Pnpla1"	1.69068132821621	0.40566817137118	1.22514241060617	2.16078521025775	-0.510526950772606	-0.657177267095858	-0.799399831001809	-0.483680091212185
"Stk26"	1.18286127997357	0.762736240439224	2.29908094270889	1.24150430940189	-0.759783962849681	-0.692810846788526	-0.482226014971914	-0.784669838240438
"Ctxn3"	0.639412950048366	3.23081174506306	0.504337719185083	0.530705154137141	-0.144771306065652	-0.20199846946321	-0.58617993157363	0.0188130893862901
"Htr6"	1.02259238254354	1.88144599500298	1.60638714562682	1.02192837616909	-0.73412749756944	-0.775101855821524	-0.889637369697611	-0.684120270702231
"Calcr"	1.23429297033194	0.589383707662522	2.69238690804774	1.27372087212294	-0.58937289914752	-0.60619688075949	-0.688872456407007	-0.556466492580306
"Chat"	1.58953823024513	1.56739568852191	1.52395217951753	1.68466117638641	-0.657434415396188	-0.66876269127241	-0.712881040195566	-0.652097965800812
"Fndc9"	1.46324289749569	1.25793790606486	1.56570783552185	1.6201254799081	-0.871981258068386	-0.658144052488591	0.314738338784464	-1.08868241196888
"Kcnh4"	1.24428200864917	1.80651421725722	1.30474580291385	1.29084949431455	-0.309816171063526	-0.552014966336462	-1.18206013568572	0.0335571411708155
"Tac1"	1.4990274848383	1.33961492173066	1.63670531345655	1.5638441873141	-0.763609617458672	-0.768106563162055	-0.589764075539456	-0.82065171664525
"Pdyn"	0.884885907862923	1.49861989473018	2.11207136146005	0.813044556043973	-1.06235938839881	-0.980977828852212	-0.694686100530552	-1.11039300836584
"AABR07065531.3"	1.0286792688052	1.3677982326322	2.29144646045018	1.05345461677802	-0.366281094113434	-0.459084018735452	-0.275675926207972	-0.458596111940527
"Kcna5"	1.16765917094431	1.98131527291268	1.3686949102798	1.22231539746543	-0.693248580454316	-0.627299785730925	-0.718657475453329	-0.710983100124489
"Arpp21"	0.7862658661186	2.48357720103382	1.09102014734583	0.777395612297679	-0.449106575410744	-0.501828314431081	-0.796865751219385	-0.405411635856131
"Ankrd63"	0.643425858872822	2.84274216615554	0.714024423080809	0.64176013367345	-0.63843846035292	-0.775061184727396	-0.67961091144464	-0.676550644873706
"Ric8b"	1.20405220481702	1.12502787828679	1.72066586116933	1.25256377240659	-0.613120545307867	-0.638460092576351	-0.76052815132477	-0.596204856316446
"Ramp1"	1.25711990903303	1.32858118982913	1.48865498408811	1.40069106687583	-0.805880721270969	-0.694829072438954	-0.770824819898319	-0.821156209322957
"Krt1"	1.47427716365523	1.20840539013135	1.76850416055468	1.50542363609932	-0.550826606499585	-0.552883755852651	-0.715334193040656	-0.55235472003767
"Gcnt2"	1.12936602522583	1.81799490284646	1.19587663729478	1.19901509348621	-0.749780176668992	-0.709425551775655	-0.792668479589861	-0.759901640180057
"Lypd1"	0.955616280901943	1.83130213853588	1.58526257530974	0.902798032354438	-0.810548006743605	-0.426115260340851	0.685509162407815	-1.0673736010728
"Nkx2-1"	1.55340256706293	1.5674762354861	0.990196767829379	1.69416834175258	-0.724861134763154	-0.72532729590651	-0.724922671610282	-0.749986955485768
"Syt6"	1.28056070002338	1.63490340562368	1.19956875033123	1.36964711698205	-0.739275837884168	-0.78920568775267	-1.08473448253248	-0.585435927741169
"Oprm1"	1.56969014150462	0.760457797414642	1.31080833305298	1.66100770020015	-1.02404049582943	-0.960553431865002	-0.208224764002837	-1.16609312253641
"Galr1"	1.10251342569155	0.328999831814949	2.5916353054439	1.2122908791755	-0.577262388927525	-0.303062015558448	0.738930832235985	-0.85589727682794
"Mybpc2"	0.959571863084306	2.25803875731287	1.38907793435855	1.0399119343412	-0.574106390915983	-0.828360613315085	-0.929228963209176	-0.47368105358762
"Vat1l"	1.46213663868802	0.693826333301813	1.66400553684452	1.56867497971765	-0.549581572321112	-0.342494259658083	0.539750944158288	-0.816324889435993
"Ptprv"	1.35030607012724	1.29103332843023	1.49943434126272	1.33283490682701	-1.00143307794816	-0.898188341601769	-1.14831943456217	-0.960577667339595
"Neu2"	0.841836782863556	2.67979522360103	0.910922457679124	0.863394599896444	-0.496018549103284	-0.471453228997582	-0.640157694264048	-0.484106953182597
"Slc24a1"	1.16063728353568	1.79591569205676	1.65107622745693	1.18780804685733	-0.133430317153054	0.265769760484133	-0.133797399445334	-0.305656242214304
"Chodl"	1.36529784273388	0.869349381478733	1.99164998049384	1.31124672708989	-0.575393663119362	-0.430076225316166	0.0898556832961943	-0.798682606154529
"Ntn1"	1.04447497454474	1.87826923056094	1.49148086939689	1.07494131391703	-0.672506720503833	-0.67389879813225	-0.788007530886997	-0.668533407143041
"Gng7"	0.877515119110497	2.39736420107795	1.04356239980143	0.897290662844911	-0.850521541589413	-0.872419236073703	-0.88375590762185	-0.839863086206619
"Klhl1"	0.910433694472587	1.73139021014101	2.06307513305031	0.803241410774903	0.215734607988795	0.1556411907599	0.215280994749782	0.0998067947180009
"Nts"	0.773062351605886	2.52852384108548	0.792967393461915	0.636602195015233	-0.674094010583303	-0.865884581280009	1.49305536030765	-0.954080938997816
"Cckar"	1.44963414738552	1.38165200506537	1.24800309220521	1.47518286069271	-0.780480464856472	-0.541914118241037	-0.541046161471449	-0.78085186495292
"Gpr149"	1.4347691390961	1.26295864618205	1.43802876734454	1.52056685678804	-0.789829881822019	-0.784798877947125	-0.829879082684017	-0.784624183275184
"Crip3"	1.11014090544221	1.21012772614157	1.89299481205958	1.30687444920391	-0.679420627366985	-0.532290155986195	-0.382302436464164	-0.680342635199426
"AABR07031768.1"	1.39209388739009	-0.0838959998237868	2.37351293817296	1.71081134386195	0.0533707869691867	-0.200896964072279	-0.703256188422856	0.554959644015789
"Slc4a11"	1.05604874031001	2.03947760991613	0.862445982921908	1.13498307358351	-0.712400435190819	-0.812562032740565	-1.30252967881579	-0.39753457811725
"Klhl13"	1.2059259134773	1.16280260314007	1.48962950236475	1.2180783393044	-0.746779980529455	-0.763228374897796	-0.844937058595861	-0.737165757825501
"Meox2"	0.646682750003835	0.131918482248838	3.12830524038665	0.542470177311167	-0.67108056370029	-0.671848397242231	-0.671181923618343	-0.619173963718445
"Pou3f4"	1.02537859628843	1.54439080915722	1.62486890543962	1.04126667181902	-0.686200052376408	-0.766643532100528	-0.902760451334147	-0.638535559307634
"AABR07060473.1"	1.10826804832662	1.91017669370057	1.77671355484536	0.955988901826608	0.0771154749625867	-0.0861874821244599	-0.719801070488111	0.551102990665084
"Krt77"	0.986438522392524	1.50318282385869	2.00623706631798	0.870942973558853	-0.776271565586299	-0.777271999061064	-0.816339286822312	-0.777014718208866
"Slc32a1"	1.07745215987889	1.70127580547895	1.17272883490563	1.11637409793778	-0.64491099689161	-0.653488220301763	-0.845777900647549	-0.611722092385919
"Rasgrp4"	1.36382157177687	1.77826489152741	1.29901514206764	1.4000497056387	-0.76238406008465	-0.9178038656601	-0.762763098595636	-0.917147492377988
"Pbx3"	1.12325880498164	1.50652994235027	1.57628644576386	1.07241974566624	-0.82117768393554	-0.73326899133004	-0.217782467701644	-0.956134983524413
"AABR07066798.1"	1.50708888473261	2.06695978344177	1.16361481417438	1.54728587651531	-0.582658832203955	-0.586406946534975	-0.383662212063294	-0.386206027910482
"LOC100912028"	0.788263703628279	1.0835094782663	2.56128105950818	0.810963454600465	-0.767464559486863	-0.768797238402904	-0.448450400939027	-0.927846047674642
"Xkrx"	1.1006808638579	1.53017845764032	1.62318089033481	1.29858003159686	-0.553390614333818	-0.406514284256602	-0.330333463010163	-0.628992884743516
"Kcnk2"	1.24844181403199	0.942026760550995	1.54256753979304	1.29848850039693	-0.589189765510266	-0.643892492799535	-0.962812416377731	-0.50667796709236
"AABR07013073.1"	0.986855955145516	1.82099232132453	1.74385733272005	1.01951528550897	-0.792090264283845	-0.794966357574959	-0.654699242839935	-0.794226714458646
"Arhgap6"	0.905667829093767	1.45078015419131	1.84928168209222	0.806164944009593	-0.801364532604972	-0.636142464617435	0.0292376273217947	-0.974412168632683
"Mme"	1.09295112523404	1.54430891199895	1.44339987158748	1.12994961660164	-0.825931603074786	-0.842869819568436	-0.938049972235627	-0.789368511494032
"Gpr52"	1.12252249578869	1.61909845046641	1.35344167821243	1.15777701291851	-0.791437679730088	-0.776589138156929	-0.707002420262952	-0.832589613444835
"Gpr6"	0.716992384011105	2.82911439775342	0.989153018829762	0.701857291827423	-0.671597191820329	-0.687017830726645	-0.779042353421325	-0.656977161431726
"Htr4"	1.38931936330259	1.78225224186504	0.508997260854031	1.52602494692693	-1.16309446078821	-1.04269123490213	0.0261887374043026	-1.30421638397122
"Crabp1"	1.3082371932195	1.55563737413872	0.782153866455912	1.46119647963367	-0.695393524396779	-0.67634926326241	0.212054210634104	-0.865561278560143
"AABR07059679.2"	1.01157965344766	1.5389536215455	1.27485217145913	1.01010095790313	-0.68754296110304	-0.778913512668905	-0.892862833689891	-0.653718753398654
"Avp"	0.211263053006217	-0.504963753286742	3.55803999106667	0.147225972198871	-0.387353158945347	-0.387743578781707	0.423010973432681	-0.512163523792565
"Brs3"	0.982200566482125	1.69956555782578	2.311649120947	1.00721851608693	-0.732405524706761	-0.733874302668322	0.322762127229812	-1.08483517694299
"Large2"	1.20574110292905	1.13468719722472	1.70801076644984	1.31394348824055	-0.741729585836379	-0.743052343729827	-0.812307288273057	-0.742712170908083
"Galnt13"	1.08360176631453	0.993064915498205	1.70915520109478	1.0956810348296	-0.701470030747936	-0.684211347679477	-0.585879385464647	-0.766239734808818
"P2ry1"	0.563067670434548	2.01955199974821	1.82965539754302	0.444040744667849	-0.686300496727427	-0.68762766901036	-0.791186202655531	-0.657407221704683
"Glp1r"	0.895825654613134	0.982720862993896	2.41741615364581	0.771997418658818	-0.695245256842857	-0.572590506168084	-0.695313266049441	-0.695627956732687
"Rxrg"	1.24911825212901	0.944362499685658	1.60850416042803	1.23446874606435	-1.08902757407793	-0.764857582518812	0.74396364005366	-1.26071073040435
"Prima1"	1.24287658748364	1.2149728633984	1.19081480579807	1.29668661967651	-0.694682628829029	-0.791796351572514	-0.725313453282199	-0.71766304747963
"Asic4"	1.35146474566242	1.15513758156763	1.40577134300888	1.43735561495487	-0.575422188145274	-0.53626020404439	-0.834687293957816	-0.516676401347247
"Kcnj2"	0.860531754034619	1.2522705434212	1.85638656398453	0.849586177942388	-0.693771992200779	-0.687770726181603	-1.11440158638495	-0.532911669987546
"Dlx5"	0.93723011283584	2.27238710478816	0.773417523976694	0.897726478118164	-0.779719011633287	-0.765367716833127	-0.864992690501171	-0.765076881931097
"Pld5"	1.25616428356812	1.44507212561822	1.17247812288389	1.22752999923438	-0.186548253929588	-0.138801612803143	-0.798359961475859	-0.0616465009720358
"Lrrc10b"	0.781013595079559	2.54832635309901	0.494565669151203	0.836956775489353	-1.14146620849015	-1.19298461913852	-0.974947279843733	-1.14519521111515
"Rab32"	1.41022141074122	0.774004724169052	0.981210672508098	1.84374851547659	-0.909541265630033	-0.910992386169879	-1.00903512453093	-0.861031365173083
"Drd2"	1.08025793547466	2.16362999728295	1.24756707949431	1.09307605401273	-0.809736200620818	-0.803048484161778	-0.726137596709474	-0.833138225858625
"Gpr88"	0.851303303144073	2.62260678042647	0.842264677579669	0.849377929802113	-0.723861519306544	-0.745825955862322	-0.661384857416122	-0.770172333351478
"Tulp2"	0.817769957976578	1.14597997569173	2.2740241210516	0.835774739959412	-0.75384450680543	-0.754196854185303	-0.753891019362644	-0.754106241229569
"LOC680227"	1.03653734512244	0.958711027755359	2.16122199889632	1.06578564772523	-0.484013593586598	-0.341849071457487	-1.06499266114293	-0.196100116538397
"AABR07030647.1"	0.755147041348578	2.41834938023443	1.28466954727792	0.695321482609988	-0.792849349884293	-0.793127862032848	-0.859592592761184	-0.726434820907277
"Smim35"	1.56965065569766	0.869776372983709	1.23991709000607	1.6022608569021	-0.848759143287419	-0.667205187762243	0.0681282760651441	-1.03308090455009
"AABR07021666.1"	1.10382998544247	1.8027780012952	1.06322301249483	1.26929365367557	-0.319749158620247	-0.555807497163736	-1.13677018473509	-0.0890832558593547
"Dcdc2c"	1.17969819597998	0.880132181059739	1.82549143567533	1.13080295343692	-1.04427755943984	-1.04539478158363	-0.776839035559872	-1.1119186645897
"Alpg"	1.55096011883705	1.7013206390498	0.876033668484394	1.58805194591273	-0.91660011662419	-1.14205511985306	-0.0228006318907181	-1.14157510450741
"Cacna2d2"	1.09825007546458	1.49866896815863	1.13880107676157	1.10780835655883	-0.479280610952603	-0.505722450531352	-0.60404097587731	-0.521362614413559
"Scn11a"	0.63184415180827	1.99406067170886	1.86594976253113	0.325084350208838	-0.603066525820426	-0.4636260673037	-1.16794018970855	-0.32218155824904
"Rxfp3"	1.1394179005371	0.277899634001315	2.32011086989106	1.23419669894931	0.0404799004556881	-0.0172011812029368	-0.814942173515274	0.304047969647885
"Stox1"	1.19619639299301	1.36529322660143	1.41013306743859	1.26473462415614	-0.681692400557495	-0.575418792036576	-0.537928188429262	-0.754698136911684
